%YAML:1.0
---
depthShift: -1.8180979368118084e+01
