%YAML:1.0
---
rotation: !!opencv-matrix
   rows: 3
   cols: 3
   dt: d
   data: [ 9.9999695742077455e-01, -9.2705908009284722e-04,
       -2.2859813331830314e-03, 9.3571051809199105e-04,
       9.9999239377699412e-01, 3.7864011915694101e-03,
       2.2824537278937078e-03, -3.7885286879214253e-03,
       9.9999021867984328e-01 ]
translation: !!opencv-matrix
   rows: 3
   cols: 1
   dt: d
   data: [ -5.1987556513656191e-02, 4.5380178800415600e-04,
       1.3901192146455754e-03 ]
essential: !!opencv-matrix
   rows: 3
   cols: 3
   dt: d
   data: [ -2.6496758779072712e-07, -1.3918278821813078e-03,
       4.4853380017282230e-04, 1.5087741772664112e-03,
       -1.9824507190727156e-04, 5.1983870220146187e-02,
       -5.0244571071599324e-04, -5.1986740383639679e-02,
       -1.9580836351374727e-04 ]
fundamental: !!opencv-matrix
   rows: 3
   cols: 3
   dt: d
   data: [ -3.2304229790669291e-10, -1.6979924421232723e-06,
       5.4702298559165666e-04, 1.8437765482971433e-06,
       -2.4242088145418848e-07, 2.2785822643271648e-02,
       -1.6443939266370714e-03, -6.5490092183553436e-02, 1. ]
