%YAML:1.0
---
cameraMatrix: !!opencv-matrix
   rows: 3
   cols: 3
   dt: d
   data: [ 1.0607577294350815e+03, 0., 9.7463161784569695e+02, 0.,
       1.0582756406288577e+03, 5.3961003330922904e+02, 0., 0., 1. ]
distortionCoefficients: !!opencv-matrix
   rows: 1
   cols: 5
   dt: d
   data: [ 3.4816862826417251e-02, -4.6667114912039516e-02,
       -1.2842836942080380e-04, 3.9680176929388593e-04,
       9.7231053975981516e-03 ]
rotation: !!opencv-matrix
   rows: 3
   cols: 3
   dt: d
   data: [ 1., 0., 0., 0., 1., 0., 0., 0., 1. ]
projection: !!opencv-matrix
   rows: 4
   cols: 4
   dt: d
   data: [ 1.0607577294350815e+03, 0., 9.7463161784569695e+02, 0., 0.,
       1.0582756406288577e+03, 5.3961003330922904e+02, 0., 0., 0., 1.,
       0., 0., 0., 0., 1. ]
