%YAML:1.0
---
cameraMatrix: !!opencv-matrix
   rows: 3
   cols: 3
   dt: d
   data: [ 3.6536098756140717e+02, 0., 2.5693037584004787e+02, 0.,
       3.6512249538306742e+02, 2.0444453503105942e+02, 0., 0., 1. ]
distortionCoefficients: !!opencv-matrix
   rows: 1
   cols: 5
   dt: d
   data: [ 1.0009209125892306e-01, -2.9534649113120481e-01,
       8.9922932563133644e-04, -2.8440339883188106e-04,
       1.1803588696389493e-01 ]
rotation: !!opencv-matrix
   rows: 3
   cols: 3
   dt: d
   data: [ 1., 0., 0., 0., 1., 0., 0., 0., 1. ]
projection: !!opencv-matrix
   rows: 4
   cols: 4
   dt: d
   data: [ 3.6536098756140717e+02, 0., 2.5693037584004787e+02, 0., 0.,
       3.6512249538306742e+02, 2.0444453503105942e+02, 0., 0., 0., 1.,
       0., 0., 0., 0., 1. ]
