%YAML:1.0
---
rotation: !!opencv-matrix
   rows: 3
   cols: 3
   dt: d
   data: [ 9.9983641970899184e-01, 1.8080605763686333e-02,
       4.7488811625922081e-04, -1.8081888986122393e-02,
       9.9983243789956466e-01, 2.8533164049515322e-03,
       -4.2321885397201685e-04, -2.8614365328226976e-03,
       9.9999581652463443e-01 ]
translation: !!opencv-matrix
   rows: 3
   cols: 1
   dt: d
   data: [ -5.2389868607350183e-02, 1.2874182280404737e-04,
       -6.0200591093190247e-04 ]
essential: !!opencv-matrix
   rows: 3
   cols: 3
   dt: d
   data: [ -1.0939890017165542e-05, 6.0153665100191856e-04,
       1.3045899755734295e-04, -6.2407981478155086e-04,
       -1.6079491552582141e-04, 5.2389363550172437e-02,
       8.1858702497643646e-04, -5.2383417781068226e-02,
       -1.4954600951232275e-04 ]
fundamental: !!opencv-matrix
   rows: 3
   cols: 3
   dt: d
   data: [ -2.1114786252408568e-08, 1.1628967886079430e-06,
       -1.4072853367734075e-04, -1.2062437514898105e-06,
       -3.1129532363953933e-07, 3.7289415263459046e-02,
       2.3511343759447930e-03, -1.0788748593577763e-01, 1. ]
