%YAML:1.0
---
cameraMatrix: !!opencv-matrix
   rows: 3
   cols: 3
   dt: d
   data: [ 1.0559619531955286e+03, 0., 9.6578507451254859e+02, 0.,
       1.0544526035458744e+03, 5.4913710543746220e+02, 0., 0., 1. ]
distortionCoefficients: !!opencv-matrix
   rows: 1
   cols: 5
   dt: d
   data: [ 4.0127776714675947e-02, -3.4825792148061252e-02,
       -7.2471137685545999e-04, 5.3789309054551763e-05,
       -1.0321557019462208e-02 ]
rotation: !!opencv-matrix
   rows: 3
   cols: 3
   dt: d
   data: [ 1., 0., 0., 0., 1., 0., 0., 0., 1. ]
projection: !!opencv-matrix
   rows: 4
   cols: 4
   dt: d
   data: [ 1.0559619531955286e+03, 0., 9.6578507451254859e+02, 0., 0.,
       1.0544526035458744e+03, 5.4913710543746220e+02, 0., 0., 0., 1.,
       0., 0., 0., 0., 1. ]
