%YAML:1.0
---
depthShift: -1.3610345700481203e+01
