%YAML:1.0
---
cameraMatrix: !!opencv-matrix
   rows: 3
   cols: 3
   dt: d
   data: [ 3.6461265724897549e+02, 0., 2.5289146010783162e+02, 0.,
       3.6402096502434421e+02, 2.0455475543532140e+02, 0., 0., 1. ]
distortionCoefficients: !!opencv-matrix
   rows: 1
   cols: 5
   dt: d
   data: [ 1.0192701721159760e-01, -2.7385732788355571e-01,
       8.0950442561890433e-04, 5.1825535198247162e-04,
       7.0296078349593907e-02 ]
rotation: !!opencv-matrix
   rows: 3
   cols: 3
   dt: d
   data: [ 1., 0., 0., 0., 1., 0., 0., 0., 1. ]
projection: !!opencv-matrix
   rows: 4
   cols: 4
   dt: d
   data: [ 3.6461265724897549e+02, 0., 2.5289146010783162e+02, 0., 0.,
       3.6402096502434421e+02, 2.0455475543532140e+02, 0., 0., 0., 1.,
       0., 0., 0., 0., 1. ]
