%YAML:1.0
---
rotation: !!opencv-matrix
   rows: 3
   cols: 3
   dt: d
   data: [ 9.9999991909729435e-01, 3.0300431877887483e-04,
       2.6456339061339536e-04, -3.0186869686012191e-04,
       9.9999078672642161e-01, -4.2819782300148011e-03,
       -2.6585841101510748e-04, 4.2818980201852156e-03,
       9.9999079729198015e-01 ]
translation: !!opencv-matrix
   rows: 3
   cols: 1
   dt: d
   data: [ -4.9942248521624273e-02, 5.3111138034430663e-04,
       -1.2961172534671949e-02 ]
essential: !!opencv-matrix
   rows: 3
   cols: 3
   dt: d
   data: [ -4.0537726904710019e-06, 1.2963327284611486e-02,
       4.7560703405241623e-04, -1.2974449052912503e-02,
       2.0992032381389724e-04, 4.9938359865941181e-02,
       -5.1603533589647196e-04, -4.9941949319067522e-02,
       2.1371110830000677e-04 ]
fundamental: !!opencv-matrix
   rows: 3
   cols: 3
   dt: d
   data: [ -2.9423863303627851e-09, 9.4125268080504780e-06,
       -1.7910290511060749e-03, -9.4270599595138636e-06,
       1.5257777261849708e-07, 1.5837572308538640e-02,
       4.8302063202414437e-03, -4.7847789988823108e-02, 1. ]
