%YAML:1.0
---
depthShift: 1.4180310806193881e+00
