%YAML:1.0
---
cameraMatrix: !!opencv-matrix
   rows: 3
   cols: 3
   dt: d
   data: [ 1.0579222263575086e+03, 0., 9.9872905397152897e+02, 0.,
       1.0568338104121376e+03, 5.5409868362802695e+02, 0., 0., 1. ]
distortionCoefficients: !!opencv-matrix
   rows: 1
   cols: 5
   dt: d
   data: [ 4.4256042862494023e-02, -5.2130450382292491e-02,
       -3.8291502643552326e-04, 5.2927130634002149e-04,
       1.3173973367951189e-02 ]
rotation: !!opencv-matrix
   rows: 3
   cols: 3
   dt: d
   data: [ 1., 0., 0., 0., 1., 0., 0., 0., 1. ]
projection: !!opencv-matrix
   rows: 4
   cols: 4
   dt: d
   data: [ 1.0579222263575086e+03, 0., 9.9872905397152897e+02, 0., 0.,
       1.0568338104121376e+03, 5.5409868362802695e+02, 0., 0., 0., 1.,
       0., 0., 0., 0., 1. ]
