%YAML:1.0
---
cameraMatrix: !!opencv-matrix
   rows: 3
   cols: 3
   dt: d
   data: [ 3.7002961167860826e+02, 0., 2.5907694397643166e+02, 0.,
       3.6990230814262867e+02, 2.0393363517410762e+02, 0., 0., 1. ]
distortionCoefficients: !!opencv-matrix
   rows: 1
   cols: 5
   dt: d
   data: [ 1.3601442107730768e-01, -3.7189233782402004e-01,
       4.9999891914439762e-04, 2.4138344930649361e-04,
       1.6774054114472109e-01 ]
rotation: !!opencv-matrix
   rows: 3
   cols: 3
   dt: d
   data: [ 1., 0., 0., 0., 1., 0., 0., 0., 1. ]
projection: !!opencv-matrix
   rows: 4
   cols: 4
   dt: d
   data: [ 3.7002961167860826e+02, 0., 2.5907694397643166e+02, 0., 0.,
       3.6990230814262867e+02, 2.0393363517410762e+02, 0., 0., 0., 1.,
       0., 0., 0., 0., 1. ]
