%YAML:1.0
---
cameraMatrix: !!opencv-matrix
   rows: 3
   cols: 3
   dt: d
   data: [ 1.0487523267900153e+03, 0., 9.7033351027729816e+02, 0.,
       1.0495247133823009e+03, 5.4256911855437306e+02, 0., 0., 1. ]
distortionCoefficients: !!opencv-matrix
   rows: 1
   cols: 5
   dt: d
   data: [ 5.7036645424125655e-02, -7.2018231762122034e-02,
       5.2354662788461524e-04, 1.5155766095795452e-04,
       2.3103927057981668e-02 ]
rotation: !!opencv-matrix
   rows: 3
   cols: 3
   dt: d
   data: [ 1., 0., 0., 0., 1., 0., 0., 0., 1. ]
projection: !!opencv-matrix
   rows: 4
   cols: 4
   dt: d
   data: [ 1.0487523267900153e+03, 0., 9.7033351027729816e+02, 0., 0.,
       1.0495247133823009e+03, 5.4256911855437306e+02, 0., 0., 0., 1.,
       0., 0., 0., 0., 1. ]
