%YAML:1.0
---
rotation: !!opencv-matrix
   rows: 3
   cols: 3
   dt: d
   data: [ 9.9998397168585429e-01, -2.3309052068808764e-03,
       -5.1597725047832482e-03, 2.3337826641377573e-03,
       9.9999712452725886e-01, 5.5172066344914112e-04,
       5.1584716594308862e-03, -5.6375360791954831e-04,
       9.9998653608536570e-01 ]
translation: !!opencv-matrix
   rows: 3
   cols: 1
   dt: d
   data: [ -5.2594798617069928e-02, 1.2749745060958498e-04,
       4.4620094844679582e-03 ]
essential: !!opencv-matrix
   rows: 3
   cols: 3
   dt: d
   data: [ -9.7556683964503401e-06, -4.4620685312290968e-03,
       1.2503395116170686e-04, 4.7332467440778505e-03,
       -4.0051028618673457e-05, 5.2571067531337098e-02,
       -2.5024023627672810e-04, -5.2594350197688690e-02,
       -2.8359779346898493e-05 ]
fundamental: !!opencv-matrix
   rows: 3
   cols: 3
   dt: d
   data: [ -1.1274945370378152e-08, -5.1606743044012484e-06,
       1.1329628130407373e-03, 5.4663423710417309e-06,
       -4.6287546070835848e-08, 2.0794778725439573e-02,
       -3.2582386397785137e-03, -5.8761664908100711e-02, 1. ]
