%YAML:1.0
---
cameraMatrix: !!opencv-matrix
   rows: 3
   cols: 3
   dt: d
   data: [ 3.6509994764068290e+02, 0., 2.5269909290514983e+02, 0.,
       3.6483708081461668e+02, 2.0876236508761394e+02, 0., 0., 1. ]
distortionCoefficients: !!opencv-matrix
   rows: 1
   cols: 5
   dt: d
   data: [ 8.7835058888193887e-02, -2.6621323407489222e-01,
       1.8332239653125488e-03, -7.6104870416728455e-04,
       8.6111799651872434e-02 ]
rotation: !!opencv-matrix
   rows: 3
   cols: 3
   dt: d
   data: [ 1., 0., 0., 0., 1., 0., 0., 0., 1. ]
projection: !!opencv-matrix
   rows: 4
   cols: 4
   dt: d
   data: [ 3.6509994764068290e+02, 0., 2.5269909290514983e+02, 0., 0.,
       3.6483708081461668e+02, 2.0876236508761394e+02, 0., 0., 0., 1.,
       0., 0., 0., 0., 1. ]
