%YAML:1.0
---
depthShift: -1.1755013818750113e+01
